  1   B     00 02 19.  4    17 01.  7      8.0   2.0                76  -44
  2   A     00 03 49.  5   -00 23.  7)    16.5   4.5                69  -61 MSH 00-01
  3   A     00 05 06.  5   -06 31. 10     11.0   3.0                66  -67 MSH 00-02
  4)  A     00 07 45.  8    32 46.  5)    10.5   2.0)               82  -29
  5   B     00 10 45.  4    00 47. 10)     8.0   2.5                74  -60 MSH 00+02
  6)  A     00 10 51. 10    30 05.  3     16.5   2.5)               82  -32 2C 15 ^ ->
  7   B     00 17 04.  2   -04 38.  9)    13.5   2.5                72  -66 MSH 00-03? 00-04?
  8)  B     00 17 38. 10   -08 35. 11)     9.0   2.0)               72  -70
  9   A     00 17 50.  5    15 23.  8     15.5   2.5                81  -47 2C 26->
 10 +*A     00 22 37.  2    63 52.  2    110.   17.    5.4 0.5      88   01 2C 34: Tycho Brahe's S.N.
 11   A     00 26 35.  4    20 54.  6     10.5   3.5                85  -41
 12   A     00 30 06.  4    19 43.  6)     9.5   1.5                86  -42
 13  *A   <-00 31 35.  5    39 03.  4)    12.0   3.0                88  -23 2C 42 <-
 14   A     00 33 35.  3    18 25.  7     13.5   2.0                87  -44 2C 44 ^
 15   B     00 35 18.  4   -01 31.  5     21.5   3.0                86  -63 2C 50, MSH 00-09?
 16   B     00 35 52.  6    12 50. 16     10.5   2.0)               88  -50
 17   B     00 36 37.  3   -02 16. 14     21.5   7.0                86   62 2C 50, MSH 00-09?
 18   B   <-00 37 30.  5    09 54.  7     16.5   4.5                88  -52 MSH 00+011
 19   A     00 38 14.  6    32 54.  4     13.0   2.5                89  -29 2C 51
 20 +*A   ->00 41 34.  4    51 49.  3     30.   10.  < 2.5          90  -14 2C 59 ^ ->
 21   A     00 44 47.  5  ^ 20 24.  3     10.0   2.0                89  -42
 22   A     00 48 09.  2    50 51.  5     13.5   2.5                91  -11
 23   A  <->00 49 53.  5    17 31.  6     16.0   2.5                92  -45
 24   A   <-00 50 39.  5  v 40 12.  5)     9.5   1.5                92  -22
 25         00 50 44.  5    67 08. 10      8.    3.                 91   05
 26   A     00 51 36.  4   -03 51. 12      8.0   2.0                95  -66 MSH 00-015, DWD
 27         00 52 42.  3    68 13. 10     22.    5.                 91   06
 28   A     00 53 09.  6    26 08. 10     19.5   3.5 < 4.           93  -36 2C 72?
 29)  A     00 55 03.  4   -01 35. 10     17.0   6.0                97  -63 MSH 00-017
 30  *A     01 00 08.  6    14 25.  7     14.5   3.5                96  -48
 31   B     01 03 53.  7    32 11.  9     10.5   2.0)               95  -30
 32         01 06 00. 12   -16 18. 12     20.    4.  < 4.          116  -78 2C 92, MSH 01-12
 33  *A     01 06 13.  3    13 05.  9     58.    6.  < 2.           98  -49 2C 94, DWD
 34  *A     01 07 31.  2    31 24.  4)    12.5   2.5                96  -30
 35   B   ->01 08 50.  3    47 05.  6      9.0   2.5                95  -15
 36   A   ->01 15 14.  5    45 23.  6)     8.0   1.5)               96  -17
 37   A     01 15 22.  4  ^-00 52.  5     12.0   2.5)              108  -62 MSH 01+03?
 38         01 18 06. 12   -15 55. 12     22.    4.    3.  1.      123  -75 2C 107<-, MSH 01-19
 39   A     01 20 00.  4    03 39. 15      9.5   3.0               108  -57 MSH 01+03?
 40   A   <-01 23 35.  2  v-01 32.  9)    26.    5.                112  -62 2C 122->?MSH 01-05: poss. extd.
 41   B     01 23 54.  5    32 50.  6)     8.5   2.0               100  -28 2C 119
 42   B     01 24 53.  7    28 48.  4)    12.0   2.0)              101  -32
 43  *A     01 27 14.  5    23 18.  9     16.5   2.5)              103  -38 2C 124 ^
 44   A     01 27 52.  3    03 14. 10)     8.0   2.5               111  -56 MSH 01+06?
 45   B     01 33 25.  7    08 14. 10      9.0   1.5               110  -52 MSH 01+08
 46   B     01 33 35.  5    37 41.  6     12.5   3.0               101  -23 DWD
 47  *A     01 33 42.  5    20 42.  3     27.    5.  < 4.          106  -40 DWD
 48  *A     01 34 51.  5    32 55.  4     50.   11.  < 3.          102  -28 2C 133 ^
 49   A     01 38 32.  5    13 48.  7)    10.0   2.0               109  -46 2C 138 ^->
 50   B     01 41 11.  7    51 18.  6)     8.0   1.5                99  -10
 51   A     01 42 36.  4    38 43.  6)     8.0   1.5)              103  -22
 52   B     01 47 07.  7  v 55 19.  5)     9.5   1.5)              100  -06
 53   B     01 50 42.  5  v-04 17. 10)    10.5   2.0               131  -61 2C 155 <-, MSH 01-013?
 54  *A     01 52 25.  3    43 23.  5     11.5   2.0)              103  -17 2C 162
 55  *A     01 54 19.  2    28 34.  4      7.5   3.5 < 4.          108  -31 2C 165
 56   A   <-01 58 38.  6    46 02.  7     10.0   2.0               103  -14 DWD
 57   A     02 00 12.  2   -11 47. 10)    10.5   2.0)              140  -65 MSH 01-121
 58         02 01 41.  2    64 38. 15     13.    3.                 99   04 2C 177
 59)  A     02 03 15.  6  ^ 26 55.  6)     8.5   2.5               111  -32 2C 181
 60   A     02 08 27.  4    21 04.  6)     9.5   2.5               116  -37 2C 186 ^
 61   A     02 10 38.  9    17 18.  7)     8.5   1.5)              118  -40
 62         02 13 06. 12   -13 29. 12     13.    4.  < 4.          148  -64 2C 196? MSH 02-15
 63   A     02 18 24.  1   -02 10.  5     26.    5.  < 4.          136  -55 MSH 02-07
 64   B     02 19 21.  4  v 08 19.  5     11.5   2.5               126  -47 MSH 02+05
 65   B   <-02 19 42.  4    39 46.  3     18.5   3.0               109  -19 2C 201 ^?
 66   B     02 20 15.  5    42 51.  5)    28.    7.    5.  2.      108  -16 2C 205 v <-?, DWD
 67   A     02 22 14.  3    29 54.  9     10.0   2.0               114  -28 2C 207?
 68   B   <-02 28 04.  2   -07 20. 11)     9.0   1.5)              146  -57 MSH 02-011?
 69 +*A     02 34 20.  3  v 58 59.  3     23.    2.                104   00 2C 229 v <-
 70   B     02 39 19.  3   -03 15. 14      8.0   2.0)              143  -53 MSH 02-013?
 71   B     02 40 06.  5   -00 25.  9)    11.0   2.5)              141  -51 2C 2-34 v <-, MSH 02-014, DWD
 72)  A     02 40 43.  8    26 44.  5)    10.0   2.5               118  -33
 73   B   <-02 47 08.  7  v 39 17.  4)    12.0   2.0)              115  -17 2C 240 ^
 74   A     02 51 03.  6    19 49.  7)     8.5   2.5               127  -33
 75   A     02 54 27.  4    06 05.  4     38.   10.    5.  2.      138  -43 MSH 02+010? DWD
 76   A     02 59 10.  5    50 44.  6)     8.5   1.5)              112  -06
 77   A     03 03 41.  5    49 55.  6)     8.0   1.5)              112  -06
 78   A     03 05 57.  4    04 09.  6)    17.0   5.0               143  -43 2C 280, MSH 03+03?
 79  *A     03 07 13.  3    16 55.  3     34.    5.    2.  2.      132  -33 2C 283 v?
 80   A   ->03 07 59.  5   -03 00. 11)     8.0   2.0)              151  -48
 81   B     03 08 45.  5    48 30.  5)     9.5   2.0)              113  -07 2C 285?
 82   A     03 09 13.  3    40 54.  4)    15.0   2.5)              118  -13
 83)  B     03 10 27. 10    26 24. 10)    14.0   3.5               127  -29 2C 283 ^?
 84  *A     03 16 29.  3    41 17.  2     50.    7.            C   118  -12 2C 296, W6, NGC 1275
 85)  A     03 19 30.  5    17 15.  8)     8.5   1.5)              135  -31 2C 300
 86 +*A     03 23 36.  3    55 07.  6     19.    4.                112   00
 87   A     03 23 41.  3    43 50.  5)     9.5   2.0               118  -09
 88   B     03 25 15.  3    02 07.  9)     9.0   2.0)              149  -41 MSH 03+05, DWD
 89   B     03 31 46.  5   -01 14. 10     19.5   4.5               154  -42 2C 317, MSH 03-03
 90)  A     03 32 56.  5    13 01. 10      9.0   2.0               141  -32
 91   A   ->03 34 20.  2    50 51.  7     14.0   3.0               115  -03
 92   A     03 35 15.  2    29 46.  5)    11.0   2.0)              129  -19
 93   A     03 40 11.  4    05 02. 10     11.5   2.5               149  -36 MSH 03+08
 94   A   ->03 50 08.  3   -07 17. 10     15.5   4.0               164  -41 MSH 03-06
 95   B     03 50 49.  6  v-09 49. 15)     8.5   2.0)              167  -42 MSH 03-110?
 96)  B     03 55 28.  6  ^ 14 38.  8)     9.0   3.0               144  -27
 97   A     03 55 43.  4    48 56.  5)    10.0   2.0)              119  -02 2C 348 ^ ->?
 98  *A     03 56 14.  3    10 24.  5     41.    9.  < 3.          148  -30 2C 349
 99   A     03 58 30.  4    00 17.  7)    14.5   3.5               157  -35 MSH 03+012
100   A     03 59 21.  4   -09 03. 12)     8.5   2.0)              167  -40 MSH 04-02?
101   B     03 59 58.  3    16 34. 10)     9.0   2.0)              143  -25
102   B     04 00 19.  4   -01 11. 10)     9.0   2.0               159  -35 MSH 04+02?
103  *A     04 04 38.  4    42 53.  4     29.    6.  < 3.          125  -06 2C 361
104)  A     04 04 41.  3    33 56.  8      9.0   3.5               131  -12 2C 357?
105   B     04 04 48.  2    03 35.  7)    12.5   5.0               155  -32 MSH 04+03
106   B     04 08 41.  6    07 07.  9)     8.0   2.0               153  -29
107   A     04 09 55.  3   -01 01.  9)    11.5   2.5)              160  -34 MSH 04-06
108   A     04 10 32.  6    24 59.  5     10.0   2.5               138  -17
109  *A     04 10 55.  3    11 15.  4     19.5   3.0)              150  -26 2C 374 v ?
110   B     04 14 53.  6   -05 52. 11)     8.5   2.5               166  -35 MSH 04-07?
111  *A     04 15 05.  2    37 50.  4     60.   13.  < 4.          130  -08 2C 379
112   B     04 15 35.  3   -03 03. 10      8.0   3.0               164  -33 MSH 04-08?
113   A   ->04 17 43.  4    10 57.  9)     9.5   2.5               151  -25
114   A     04 18 17.  5    17 43. 12     12.5   3.0               145  -21
115)  B     04 18 54.  7    34 44.  6      9.5   2.0)              132  -09
116   B     04 20 25.  3    30 06.  4)    12.5   2.0               136  -12
117   B     04 20 53.  5    40 44.  5)    11.0   2.0)              128  -05
118   B     04 28 32.  3    00 54. 12      8.5   2.0)              162  -29 2C 395<-, MSH 04+07
119  *A     04 29 08.  3    41 26.  4)    14.5   2.5)              129  -03 2C 396
120   B     04 29 32.  4    01 55.  8     11.5   2.5)              161  -28
121   A     04 31 03.  2   -08 58. 12)    12.0   2.5)              172  -33 MSH 04-012
122   A   ->04 31 52.  4    50 55.  6)     8.5   1.5)              122   04
123  *A     04 33 55.  4    29 35.  2    204.   32.  < 1.          138  -10 2C 404, W7
124   A     04 38 20.  2   -02 19. 11)     8.5   2.0)              166  -28
125   B     04 41 45.  4  ^ 37 27.  4)    12.5   2.0)              133  -04
126   B   <-04 42 55.  3    03 12.  8)    10.0   2.0)              162  -24 MSH 04+010?
127   B   <-04 43 10. 10  v 44 45.  7     12.0   2.0)              128   01
128   B     04 44 01.  4    50 26.  6     11.5   2.5               124   05 2C 414?
129   B     04 46 33.  4    44 59.  4     21.5   3.5               121   02
130   B  <->04 48 50.  3    51 46.  6)     9.5   2.0)              123   06
131   A     04 49 13.  5  ^ 29 10.  4)    16.0   5.5               141  -08
132  *A     04 52 57.  2    22 50.  6     16.5   2.5)              147  -11
133  *A     04 59 59.  3    25 20.  3)    23.0   4.0 < 4.          145  -09 2C 439 ^ ->
134  *A     05 01 21.  4    38 03.  8     85.   11.  < 3.          135  -01 2C 440
135   A   ->05 10 58.  3    01 12. 12     12.0   3.0               168  -19 MSH 05+02, DWD
136   B     05 12 45.  2    51 24.  6)     8.0   1.5               126   09 DWD
137   A     05 16 50.  3    50 48.  6)     8.5   1.5)              126   09 2C 456 ^
138   A     05 17 23.  3    13 57.  4     19.5   5.0               157  -12
139)  A     05 18 49.  8    22 40. 10     19.    6.                151  -06 2C 463 <-
140   B     05 21 53.  5    08 55.  8)    10.0   5.5               162  -13 2C 472
141   A     05 22 28.  3    32 42.  8     20.5   6.0 < 4.          142   00 2C 470 v <-?
142)  B     05 25 22.  6    12 49.  8)     9.0   2.0)              159  -11
143   A   <-05 31 04.  3    36 30.  5)    11.5   2.5               140   03
144         05 31 31.5      21 59.2     1500. W                    152  -05 Standard source: Crab nebula (NGC 1952)
145         05 32 48. 12   -05 18.  4     45.    4.  > 8.          177  -17 MSH 05-011, W10: Orion nebula (NGC 1976)
146   A     05 34 29.  2  v-02 55. 11)     9.5   3.5               175  -16
147  *A     05 38 46.  4    49 51.  6     63.   12.  < 2.5         129   12 2C 485 <- 
148         05 40 07.  0    51 00. 30     11.    4.                129   13
149   A     05 47 08.  8    28 41.  7     12.0   2.0               148   02
150   A     05 55 02.  4    32 29.  6)     8.5   1.5)              146   06
151   A     05 59 47.  2    42 11.  6)     8.0   1.5)              138   11
152   A     06 02 25.  5    20 30. 12     12.5   2.5               157   01
153  *A     06 05 47.  5    48 04.  4)    15.0   2.5)              133   15 2C 524
154  *A     06 10 43.  7    26 04.  4     26.    5.                154   05 2C 531 v <-
155)  B     06 13 25.  6    53 56. 10     12.5   3.0               128   18
156   A     06 14 24.  5    22 49.  5     14.0   2.5)              157   05 2C 539 ->
157         06 14 36. 12    22 43.  2    270.   40.  >30.          157   05 2C 537, W14, IC443
158  *A     06 18 50.  5    14 31.  8     21.5   4.0               164   02
159  *A     06 21 43.  2    40 16.  5     19.0   3.5               141   14 2C 548 ^ ->
160)  A     06 22 21.  4    26 55.  6)     8.5   2.0)              154   08 2C 546 ^ ?
161  *A     06 24 41.  3   -05 56. 10     78.   30.  < 3.          183  -06 2C 553, MSH 06-04
162   A     06 28 22.  4    25 07.  7     10.5   2.0)              156   09 2C 559 <-
163         06 29 18. 12    05 12.  5    450.  150.  ~60.          174   00 MSH 06+08, W16, Rosette Nebula (NGC 2237)
164)  A     06 29 19.  5    16 31.  7)    11.0   2.0)              163   05
165)  B     06 40 09.  5    23 26. 10     12.5   3.5               159   10
166  *A     06 42 27.  5    21 20.  4)    16.0   2.5)              161   10 2C 579 ^
167   A     06 42 36.  6    05 36. 10)     8.0   2.5)              175   03 MSH 06+011
168   B     06 45 36.  5   -06 16. 12      8.0   2.5)              185  -02 MSH 06-010 ?
169         06 46 16. 10    69 16. 15      8.    3.                113   27
170)  A     06 49 56.  5    22 48. 17     10.0   2.5               161   12
171 +*A     06 51 17.  3    54 08.  5     30.    8.    4.  2.      129   23 2C 590 <-
172   A     06 59 08.  4    25 22. 10     17.0   6.0               159   15 2C 608
173   A     07 01 00.  3    40 14.  5     15.5   4.0               144   21
174   A   ->07 05 21.  4  v-08 05. 12)    10.0   2.5)              189   02
175  *A     07 10 19.  7    11 55.  4)    23.5   5.0 < 3.          172   12 2C 625 ?
176   A     07 16 55.  3    17 11.  7)     8.5   2.0               168   15
177   A  <->07 21 45.  5  v 15 35. 10     12.5   4.5               171   16
178   A     07 22 33.  4  v-09 30. 12)     9.5   3.5               193   05 MSH 07-04
179         07 22 58.  5    68 00. 10     10.    3.                115   30
180   A     07 24 34.  4   -01 59. 10     15.0   3.0               186   09 MSH 07-06
181   A  <->07 25 20.  3  ^ 14 45.  9     14.0   5.0               172   16
182   A     07 27 19.  3    27 03.  6      9.0   1.5)              160   21
183   A   ->07 30 37.  4  ^ 41 42.  8      8.5   1.5               145   27
184         07 32 20. 20    70 20. 10     17.    5.                112   31 2C 679 ->
185   B   <-07 36 58.  4   -01 42. 11)     8.5   2.0               187   11 MSH 07-08 07-09 ?
186   A     07 41 04.  6    38 05.  4     14.0   3.0               149   28 2C 685
187   A  <->07 42 26.  8  v 01 54. 10)     9.0   4.0               185   14 2C 686, MSH 07+04
188   A   <-07 53 04.  6  v 01 57. 15     10.5   2.5               186   17 2C 706
189)  A     07 53 33.  6  ^ 38 18.  6)     8.0   1.5)              150   30 2C 712 v -> ?
190  *B     07 58 52.  3    14 27.  6)    12.0   2.0               176   23 2C 714 <-
191  *A     08 02 10.  2    10 34.  8)    11.0   2.5)              180   22 2C 718 <-, DWD
192   A     08 02 38.  5    24 16.  8     17.0   4.0 < 5.          165   28
193   A     08 03 43.  2   -01 07. 10)    10.0   2.0)              190   18 MSH 08-02?
194   B     08 06 25.  6    40 17. 12     12.5   2.0)              148   33
195   B     08 06 36.  4   -10 15. 12     21.0   4.0               199   13 MSH 08-14
196  *A     08 10 03.  3    48 22.  3     66.   20.  < 5.          138   35 2C 724
197)  A     08 13 47.  6    20 25.  6)     8.5   2.0               171   29
198   A     08 19 57.  4  v 06 09.  6)    16.0   4.0               186   24 2C 736 ^ ->, MSH 08+03
199   A   ->08 20 59.  4    42 58.  5)     8.5   1.5)              145   36
200   B  <->08 25 11.  3    29 28.  5)    10.5   2.0               162   33 2C 741 ^ ?
201   A   <-08 31 25.  3    17 27. 12      9.0   1.5)              176   32 2C 749 ^ ?
202         08 31 48. 12    17 09. 10     22.    4.  > 6.          176   32
203   A     08 32 27.  6   -08 23. 12)     8.5   2.0)              201   20 2C 753
204         08 32 59.  5    65 32. 10      9.    3.                117   37 2C 747 <-
205         08 35 28.  4    57 50.  5     11.    2.                127   39
206   A   ->08 38 16.  6  ^-11 39. 12)    13.0   2.5               205   19
207   B     08 40 27.  7    16 05.  6)    10.0   2.5               178   33
208  *A     08 50 26.  4    14 07.  9     24.5   4.5 < 4.          181   35 2C 778
209   A     08 52 46.  2  ^-07 10. 12)     8.5   3.0               203   24
210)  A     08 55 05.  5    27 58.  5)    10.0   2.0)              166   40
211   A     08 55 40.  6    36 30.  5)     9.5   2.0)              154   42
212  *B     08 56 00.  5    14 25.  8     21.5   5.0               182   36 2C 784 ^ -> ?
213   B     08 57 09.  7  v 16 00. 10     11.0   2.0               180   37
214   A     09 01 53.  2    06 11.  9)     8.5   2.0)              191   34 2C 791 v <-
215  *A     09 02 56.  6  ^ 14 13.  5     15.5   4.5               183   37
216  *A     09 06 23.  3    43 07.  2     23.5   5.0               148   44
217   B     09 06 52.  3    38 04.  6     10.5   2.0               153   44
218  *A     09 15 42.  3   -11 53.  5    210.   32.    2.3 0.5     211   26 2C 806, MSH 09-14, DWD
219  *A     09 17 54.  2    45 52.  2     42.    9.  < 3.          142   46 2C 805 <-, DWD
220   B   ->09 18 07.  3  ^ 26 36.  5     10.5   4.0               169   45 2C 810
221)  A     09 32 02.  5    39 56.  6)     8.0   1.5)              150   49
222   A   ->09 34 01.  5    04 42.  7)    12.0   2.5               198   40 MSH 09+03
223   A  <->09 34 57.  6    33 57.  4     14.0   5.0 < 4.          159   50
224   A     09 39 22.  5  ^-11 57. 10)    14.5   5.0               215   31 2C 838, MSH 09-19
225  *A     09 39 36.  4    14 04.  3     19.5   3.5 < 5.          188   45 2C 840 ->
226   A     09 41 41.  7    10 05.  7)    11.0   2.0)              193   44 MSH 09+05
227   A     09 45 11.  3    07 37.  4     50.   20.    5.  2.      197   44 2C 843 <- ?, MSH 09+07, DWD
228   A     09 47 25.  5    14 30.  7     17.0   3.0               189   47 2C 843 ^ <- ?
229)  A  <->09 48 21.  7    24 20.  7     10.0   2.0               174   51
230  *A     09 49 27.  3    00 08. 14     31.    8.  < 4.          206   40 2C 847, MSH 09+08
231         09 51 20.  5    70 05. 15     12.    3.                108   42
232)  B     09 54 31.  6    32 37.  5)     8.5   2.5               162   54
233)  B     09 57 03.  5    30 13.  4)    10.0   2.0               166   54
234   A     09 58 56.  7    29 01. 10     30.    8.  < 3.          169   54 2C 855 <-, DWD: possibly comp1ex
235   B     10 03 33.  3    48 24.  5)     8.0   1.5)              136   53
236   A   <-10 05 05.  7    37 15.  6     12.0   2.5               153   56 2C 872 ->
237  *A     10 05 30.  5    07 47.  6     21.5   4.5               200   48 2C 866, MSH 10+01
238   A     10 07 26.  2    03 26. 10     18.5   9.0               206   47 2C 876 v ->?,  MSH 10+02?
239   B     10 07 27.  5  ^ 44 33. 10     15.    5.                141   55
240)  A  <->10 15 07.  5    30 08.  5)     9.5   2.0)              166   58
241  *A     10 19 10.  3    22 11.  5)    13.0   3.0               181   57 2C 886 <- ?
242   B   ->10 22 39.  3    20 28.  7     11.5   2.5               185   57
243   A   <-10 23 16.  6    06 46.  7     12.5   4.5               206   51 2C 895 ?, MSH 10+06
244   A     10 25 42.  3    48 28.  4)    12.0   2.5               133   57
245   A     10 40 15.  7    12 22.  6)    12.0   2.5               202   58 2C 929 -> ?
246   A     10 49 43.  6   -09 11. 12)     8.5   2.0)              229   44 MSH 10-019?
247   A     10 55 13.  4    43 23.  5)     9.5   2.0               139   64
248)  B     10 58 24.  4    33 04.  6)     8.5   1.5)              159   67
249  *A     10 59 37.  6   -01 00.  7)    14.5   3.5               225   52 2C 951 ^ <-, MSH 10-021
250   A     11 06 12.  4    25 15.  5     14.0   3.5               181   69
251)  B  <->11 06 44.  6    38 53.  7      9.0   1.5)              144   67
252)  B  <->11 08 02.  7  v 35 54.  5     15.0   3.5               152   67
253   A     11 11 01.  3   -02 18. 11      8.0   2.0               229   53 2C 977 ->, MSH 11-05, DWD
254  *B     11 11 55.  5    40 58.  3)    21.5   3.5)              140   67 DWD
255)  A     11 16 35.  3  ^-06 23.  8)    15.0   7.5               235   50 MSH 11-08?
256   A     11 18 08.  6    23 41.  8     11.5   2.0)              187   70 2C 984 <-
257   A     11 20 43.  5    05 52.  8)    11.0   2.5)              225   61 MSH 11+05?
258)  A     11 22 12.  9    19 39.  7)    10.0   2.0               199   70
259)  A     11 24 31.  3    32 40.  5)     9.5   2.5               157   72 2C 998 -> ?
260)  A     11 31 33.  5  ^ 23 57.  6)     9.5   2.0)              189   74
261   A     11 32 17.  5    30 26.  5)    12.0   3.0               165   74 2C 1005 <- ?
262   A     11 36 00.  2   -02 23. 15     10.5   3.0               239   56
263         11 36 55.  5    66 07. 10     10.    2.                100   51
264   A     11 42 34.  6    20 00.  9     37.    5.    4.  2.      206   74 DWD
265   A     11 42 54.  6    31 46.  7     30.    7.                158   76 2C 1012 <-, DWD
266)  A     11 44 39.  4  v 52 03.  4)    14.0   2.5)              112   64
267)  A   <-11 46 40.  5    13 10.  7     14.5   2.5)              223   71
268)  B     11 50 52.  4    51 15.  6      8.5   1.5)              108   65
269   A     12 14 38.  5    23 22.  7     14.0   3.0               212   82
270)  B     12 16 55.  4    06 15. 15     20.    7.                253   68 MSH 12+05, DWD
271)  A     12 20 35.  3    16 24.  7     11.5   4.0               244   78
272   A     12 21 10.  8    42 37.  5)    10.5   2.0)              104   74
273  *B     12 26 44.  4    02 22.  5     79.   21.  < 2.          260   64 MSH 12+08, W17
274         12 28 18.       12 40.1     1100. W                    257   74 Standard source: NGC4486(M87)
275   A     12 39 49.  6   -04 39.  7)    18.0   5.0               269   58 
276   B     12 48 49.  3    45 33.  5)     8.0   1.5)               85   73
277   B     12 50 38.  5    50 50.  8     12.    4.                 87   67
278         12 52 00.  6   -12 25.  6     42.   10.  < 4.          273   50 2C 1061, MSH 12-118, DWD
279   A     12 53 37.  3   -05 41.  7     20.5   5.0               275   57 MSH 12-020
280   A     12 54 43.  4    47 35. 10     25.    6.  < 5.           86   70 2C 1066, DWD
281   A     13 05 22.  8    06 50.  8     14.0   2.5               286   69 2C 1082 ->, MSH 13+02
282         13 07 59. 10    66 10. 15      8.    2.                 86   51   
283         13 09 12. 12   -21 44. 16     36.    9.  < 3.          278   40 2C 1084 <-
284)  A     13 09 33.  6    27 47.  5)    10.0   3.5                 2   84
285  *A     13 20 11.  2    42 49.  4)    11.0   2.0)               66   74
286  *B     13 28 49.  5    30 40.  6     30.    7.    3.  1.       19   79 2C 1120 v
287  *B     13 29 04.  3    25 24.  6     29.    7.  < 4.          350   79
288)  B   ->13 36 38.  3    39 04.  4     15.0   5.5                48   74
289   B   ->13 45 00.  4  v 52 08.  4)    12.0   2.0)               69   63
290   B  <->13 46 33.  5    30 03. 10      8.0   2.5                15   76 2C 1147 -> ?
291   A   <-13 47 20.  3    21 26.  5)    10.0   2.0               341   74 2C 1144 ^
292         13 48 49.  5    64 54. 10)     9.    2.                 79   52 2C 1148
293   B     13 50 01.  6    31 31.  5     12.5   2.0)               18   75 2C 1147 <-
294  *A     14 04 35.  4    34 32.  4)    12.5   3.0                27   71 2C 1163 ^ ?
295 +*A     14 09 32.  3    52 26.  5     74.   15.  < 2.           63   61 2C 1175
296   A     14 13 48.  7    11 22.  7)    10.0   2.0)              327   63
297   B     14 15 30.  4   -03 58.  9     14.5   2.5)              309   51 MSH 14-07 ?
298  *A     14 16 40.  8    06 46.  7     61.   16.  < 2.          322   60 2C 1185 ^, MSH 14+05
299  *A     14 19 02.  3    41 54.  4     10.5   2.0)               43   66 2C 1188 <-  
300   B     14 19 54.  8    17 25.  6     15.0   4.0               341   65
301)  A     14 32 16.  3    29 40. 12      9.5   2.0)               11   66
302   A     14 35 09.  3    26 23.  6)     8.5   2.0)                4   65 2C 1216 ^ ->
303)  B     14 40 02.  6  v 52 04.  7)     9.    3.                 56   57
304   A     14 46 35.  5    20 35.  6     11.0   4.0               353   61 2C 1234 ^
305         14 48 09.  2    63 33. 15     15.    4.                 68   49
306   A     14 52 08.  3    16 36.  7)    10.0   2.5               346   58 2C 2246 <- : poss. extended
307         14 52 55.  3    69 42. 20      9.    2.                 74   44 
308   B   ->14 54 39.  3    50 06.  6)    10.    4.                 50   57
309   A     14 57 07.  3    14 26.  7)    11.5   2.5               344   56
310  *A     15 02 48.  2    26 14.  5     72.   13.  < 3.            6   59 2C 1259, DWD
311)  A  <->15 03 00.  6    60 07.  4)    10.5   2.0)               63   50
312   B     15 06 12.  7    12 23.  9      8.5   2.0               343   53 2C 1267 -> ?
313   B  <->15 07 50.  6    08 09. 15     21.0   4.5               337   51 MSH 15+02
314   A     15 10 27.  3    45 33.  5)     8.5   1.5)               42   56
315  *A     15 11 32.  4    26 19.  7     26.    8.  < 4.            6   57 2C 1273, DWD
316)  B   <-15 13 50.  6    18 35.  8)     8.5   2.0)              352   54
317  *A     15 14 19.  5    07 11.  4     55.   14.  < 2.          337   49 2C 1281 ->, MSH 15+05, DWD
318   A     15 17 52.  6    20 28.  5)    14.5   3.0               357   54 2C 1282 ^
319 + B     15 22 48.  6    54 39.  4     16.5   2.5)               53   51 2C 1292
320   B     15 29 37.  5    35 53.  6)     8.0   1.5)               24   54
321  *A     15 29 41.  6    24 18. 10     15.0   2.5)< 5.            4   53
322   A     15 30 47.  3    53 59.  4)    11.5   2.0)               52   50
323         15 40 57.  5    60 18. 10      9.    2.                 60   46 2C 1327 ^ -> ?
324   A     15 47 34.  5    21 33.  7     18.    5.                  2   48
325 + A     15 49 08.  5    62 50.  4     15.    5.                 62   44
326   A  <->15 49 25.  4  ^ 17 47.  6)    12.5   2.5)              357   46 2C 1324 ?
327  *A     16 00 01.  4    02 05.  8     34.    8.                341   36 2C 1359 ->, MSH 16+01, DWD
328   A     16 01 17.  6    30 09.  7      8.0   2.0)               16   47
329  *A     16 08 11.  3    33 07.  5     11.0   2.5                20   46 2C 1371
330         16 08 59.  5    66 10.  6     24.    4.                 65   41
331   A     16 10 11.  6    22 41.  9     10.5   3.0                 6   43 2C 1369 ^ <-
332  *A     16 14 44.  4    30 09.  6     16.0   2.5)< 4.           16   44
333)  A     16 15 05.  4    21 11.  4)    14.0   2.5)                5   42 2C 1387 v ?
334   A     16 28 07.  4    17 44.  8     16.0   3.5                 0   40
335)  B     16 18 16.  4    13 45. 11     10.5   5.0               356   38
336)  A     16 21 44.  7    23 48.  5     13.5   2.5)                8   41
337   B     16 25 12.  2    44 20.  5)     8.5   1.5)               37   43
338  *A     16 26 54.  5    39 38.  3     49.   10.  < 3.           30   43 2C 1402, DWD
339   A     16 27 10.  3    14 43.  4     14.5   2.5               358   37 2C 1405 ?
340)  A     16 27 42.  5    23 40.  7)     9.5   2.0)                9   40
341)  A     16 28 41.  5    30 09. 11      8.5   3.5                17   41
342  *A     16 34 32.  3    26 53.  7     10.5   2.0)               13   38
343)        16 35 40.  5    62 51. 10     18.    3.                 60   39 Possibly complex.
344   B     16 41 15.  7    37 28. 10      8.5   1.5)               27   40 2C 1419 ?
345   B     16 41 33.  5    40 11.  5)     9.0   1.5)               31   40
346  *A     16 41 36.  2    17 24.  5)    15.5   3.0)                2   35
347  *A     16 43 08.  7    13 16.  5)    16.0   3.0)                1   32 DWD
348  *A     16 48 43.  5    05 10. 10    300.   50.    2.3 0.5     351   28 2C 1432, MSH 16+010 W20, DWD
349  *A     16 58 10.  4    47 08.  6     13.5   2.0)               39   37
350)  A     17 00 32.  6  ^ 36 55.  5      9.0   2.5                27   36
351 + A     17 04 03.  6    60 48.  5     15.    3.                 57   36 2C 1445 ^
352   B     17 09 15.  4    46 02.  4)    12.0   2.0)               39   35
353  *A     17 17 58.  3   -00 52.  6    180.   40.    3.5 0.5     349   18 2C 1473, MSH 17-06, W21, DWD
354)  A     17 19 01.  7    19 24. 10     12.0   3.0                 8   27 Possibly complex.
355   B     17 22 31.  5  v 38 17.  5)     9.0   1.5)               30   32
356   A   <-17 23 21.  4    51 13.  5     14.0   3.5                45   33
357)  A     17 26 34.  8    31 50.  6)     9.0   2.0)               23   29 2C 1480 ^
358         17 27 47.  5   -21 16. 10     58.   12.  < 1.5         332   06 2C 1485 <-: Kepler's S.N.
359   B     17 29 50.  4    20 39.  7     12.0   5.5                11   25
360   A   <-17 33 23.  5   -08 26. 11)    14.5   3.5               345   11 2C 1494
361   B     17 34 04.  3    40 39.  5)    10.0   2.0)               33   30
362   A     17 45 06.  5    18 42.  7)    11.5   2.5)               10   21
363         17 47 26.  3    59 41.  5     11.    2.                 55   31
364  *A     17 54 01.  5    37 34.  5)    10.5   2.0)               31   25
365)  A     17 56 01.  5 v^ 10 45.  5     15.5   5.5                 4   15
366)+ A   ->17 57 00.  3  v 55 06.  5)     9.0   2.0                50   29
367   A     18 01 10.  3    50 39.  6)     8.0   1.5)               45   27
368   A     18 02 42.  5    10 57.  6)    13.5   2.5)                5   14 2C 1532 ^
369   A     18 05 39.  2    25 46.  5)    13.0   2.5                19   19
370)  B     18 06 47.  5    32 29.  6)     9.0   2.0)               26   21
371         18 07 04.  2    69 55. 20      9.    3.                 67   29
372  *A     18 10 35.  4    42 56.  6      9.0   1.5)               37   24
373   A     18 14 16.  5    31 21.  5     11.0   2.5                26   20 2C 1547
374   A     18 19 54.  7    26 06.  7)     9.0   2.5                20   16
375   A     18 19 58.  5    15 09.  7)    11.0   2.5)               11   12 2C 1560 ->
376  *A     18 20 17.  5   -02 10. 10)    12.0   2.5)              356   04 MSH 18-06
377)  B     18 21 15.  5  v 36 18.  5     14.5   2.5                31   20
378 + A     18 23 39.  4    57 41.  5)     9.5   1.5                51   26 2C 1572 v ->
379)  A     18 24 16.  5    23 17.  7)     8.5   2.0)               19   14
380  *A     18 28 12.  3    48 43.  3     70.   10.  < 3.           44   23 2C 1569
381   A     18 32 28.  2    47 24.  4)    14.5   3.5                43   22 2C 1579 ->
382   B     18 33 12.  4    30 23.  4     18.0   5.0                26   15 possible source in intervening declination lobe, DWD
383         18 33 35.  3    65 20. 20      8.    3.                 62   26 2C 1574 ?
384   B     18 34 12.  6    34 46.  5)    13.0   2.5)               31   17 possible source in intervening declination lobe
385   B   <-18 35 16.  5   -07 01. 11)     7.0   3.5)              353  -02 W42 ?: possibly extended.
386  *A     18 36 13.  4    17 11.  8     27.    6.                 14   09 2C 1576 <- ?, DWD
387   B     18 37 52.  3  ^-05 19. 10)    22.0   5.0               355  -01 Possibly extended.
388  *A     18 42 37.  3    45 32.  3     22.5   3.5                42   19
389   B     18 42 56.  5  v-03 23. 12     17.0   6.0               357  -02
390  *A     18 43 12.  3    09 49.  4     22.5   4.5                 9   04 2C 1590, MSH 18+08
391  *A     18 46 47.  5   -00 59.  6)    27.    6.                  0  -01 2C 1595 ?, MSH 18-012
392  *A     18 53 35.  5    01 15.  7    680.  120.  <45.      >12'  2  -02 2C 1607, MSH 18+011, W44
393 + A     18 55 48.  7    53 04.  5)    10.0   2.0                50   20
394)  A   <-18 57 02.  6    12 56.  7     18.5   3.5                13   03
395)  A   ->19 00 16.  5    32 06. 10      8.0   2.0)               31   11
396   B     19 01 42.  5    05 31.  6)    24.5   7.0                 7  -02
397   B     19 05 06.  8    07 07.  4     29.    9.                  9  -02 2C 1623 ?: possibly extended.
398  *A     19 08 45.  4    09 09.  3     43.    7.                 11  -02 2C 1630, W49
399   A     19 26 30.  6    53 22.  9      8.0   2.0)               52   17
400  *A  <->19 22 04.  5    13 43.  6     25.    4.                 17  -02 W51 ?:  possibly extended.
401 +*A     19 39 37.  4    60 35.  3     22.    3.                 60   17
402)  A     19 40 23.  7    50 32.  8     15.0   3.0                51   13
403  *A     19 49 41.  6    02 23.  5     23.    6.  < 5.           10  -14 2C 1668 ->, MSH 19+010
404   A   <-19 52 45.  5   -07 29. 10)    14.0   2.5)                2  -19
405         19 57 44.5      40 35.      8600. W                     44   05 Standard Source: Cygnus A.
406   A     20 00 19.  4    00 20.  9)     9.5   2.0)               10  -17 2C 1674 ?
407   A     20 05 45.  5   -04 26. 10)    11.5   3.0                 6  -20 2C 1680 ?, MSH 20-01
408         20 07 52.  5    51 39. 20      8.    2.                 54   09
409  *A     20 12 17.  2    23 26.  5    102.   20.  < 2.           31  -07 2C 1686 ->
410  *B     20 18 08.  7    29 31.  8     36.    7.  < 5.           37  -05
411   A     20 19 47.  5    09 59.  8)    16.0   4.0                21  -16 2C 1689 <-
412         20 22 02. 10    69 28. 15      8.    2.                 71   17
413   A     20 28 27.  8   -07 25. 13)     8.5   2.0)                6  -27 2C 1701 <- ?
414)  A     20 29 52.  4    25 41.  7)    10.0   2.0)               36  -09
415)  A     20 30 17.  3    18 57.  7)     9.5   2.0)               30  -13
416         20 33 13.  5    52 57. 10      9.    3.                 58   07
417)  A     20 35 49.  6    34 10.  5     15.5   4.5                43  -08
418   A     20 37 07.  3    51 07. 10     16.0   3.0)               56   06 DWD
419)  A     20 38 30.  5    24 25.  7     10.5   2.5                36  -11
420)  A     20 41 45.  5    50 20. 15      8.0   2.0)               56   05 2C 1725 ?, DWD : possibly extended.
421)  A     20 43 51.  7    40 21.  9     13.5   3.0                49  -02 W77 ?
422   A     20 44 37.  4   -02 31. 10)     9.5   2.5                13  -28 2C 1731 ->, MSH 20-09
423)  A     20 45 12. 10    46 31.  7)     8.0   2.0)               54   02
424   A     20 45 43.  4  v 06 50.  6)    16.0   4.0                22  -23 MSH 20+010
425   A   <-20 15 12.  7    43 26.  7)     8.0   2.0)               52  -01
426)  A     20 58 46.  4    25 59.  7      9.5   2.0)               40  -14
427   A     21 05 05.  5    21 12. 12     12.0   2.5                37  -18
428   A   ->21 06 26.  4  ^ 47 20.  8     19.5   4.5                57  -01
429         21 12 57.  5    62 17. 10     11.    2.                 68   10
430 +*A     21 16 57.  5    60 35.  3    100.   40.    6.  2.       64   05 2C 1765 ^, DWD
431  *A     21 17 11.  4    49 22.  4     31.    6.                 59   00 2C 1770 ^ ->
432  *B     21 20 30.  2    17 04.  5)    13.5   2.5)               36  -24
433  *A     21 21 31.  4    24 48.  7     62.   10.  < 2.           43  -18 2C 1775 ^, DWD
434   B     21 22 32.  5    15 49. 12     10.5   4.0                36  -25 2C 1778 ?
435  *A     21 26 39.  5    07 27. 10     12.5   3.0                29  -31 2C 1783 <-, MSH 21+04
436  *A     21 41 56.  4    27 50.  8     21.0   3.5 < 5.           48  -19 2C 1810 v
437   A     21 45 00.  3    15 03.  5     16.0   5.0                39  -30
438  *A     21 53 48.  6    37 42.  8     43.    7.  < 3.           57  -13 2C 1820
439   A   <-21 57 20.  5  v 50 22. 10      8.0   2.0)               65  -04 2C 1823 ? : possibly extended.
440         22 03 09.  5    62 12. 10     11.    3.                 73   06
441  *A     22 04 42.  5    29 13.  5     12.5   2.5                53  -22
442   A     22 10 30.  4    10 50.  6     33.    6.  > 6.           41  -37 DWD
443   A   <-22 11 35.  6    26 19.  6)     8.0   2.0)               53  -25
444         22 11 48.  6   -17 27.  6     49.   10.  < 2.            9  -54 2C 1843, MSH 22-17
445)  A   <-22 20 31.  5  v-02 18.  5)    20.5   6.0                31  -48 MSH 22-09: data incomplete
446  *A     22 23 04.  5   -05 24.  8     33.   10.    4.  2.       28  -50 2C 1859 ?, MSH 22-010
447)  B  <->22 24 27.  6    39 20.  7      9.0   1.5                63  -15 2C 1856
448   B     22 28 13.  3    44 18.  5)     9.5   2.0)               66  -11
449   A   <-22 29 09.  6    38 57.  7     11.5   2.0)               63  -16 2C 1861 ->
450)  A     22 39 43. 10    41 22.  6)     8.0   1.5)               67  -16
451   A     22 40 40.  7    15 45.  7)     9.0   2.0)               52  -37
452  *A     22 43 30.  5    39 21.  3     50.   10.    3.  1.       66  -17 2C 1870
453   A     22 44 14.  5    17 10.  8     10.0   2.0                54  -37 2C 1871 ?
454   A     22 47 26.  9    15 50. 10     11.5   4.5                54  -38
455)  A     22 53 27.  5    13 12.  5)    15.0   2.5)               54  -41
456   B     23 09 19.  5    09 06.  8)    10.0   2.0)               55  -47 MSH 23+03, DWD
457  *A     23 09 36.  2    18 25.  5     12.5   2.0)               61  -39 2C 1881 v ->
458)  B     23 09 37.  5    05 09. 14     12.5   3.5                53  -50 2C 1877, MSH 23+04
459  *A     23 14 05.  3    03 55.  5     25.    5.  < 4.           53  -52 2C 1883, MSH 23+05
460   A     23 18 15.  5    23 37.  5)    13.0   2.5)               66  -35
461         23 21 12.       58 32.1    13000. W                     90  -02 Standard source Cassiopeia A
462   A     23 23 33.  2    40 26.  5)    10.0   2.0)               74  -19
463)  A     23 25 30.  6    26 50.  6     14.    4.                 70  -33 2C 1892 <- ?
464   B   ->23 33 58.  5    20 53.  7      8.0   1.5)               69  -39
465  *A     23 35 57.  4    26 38.  5     50.   20.    6.  2.       72  -33 2C 1906, DWD
466   B     23 38 41.  3    22 00.  8      9.0   2.0                71  -38
467   A     23 46 00.  4    18 37.  8)     8.0   1.5)               72  -42 2C 1914
468   A     23 46 31.  5    50 39.  6)     8.0   1.5)               81  -10
469)  A     23 50 48. 10    32 42.  4)    12.0   2.5                78  -28
470   A     23 53 53.  2    43 48.  5      8.0   2.5                81  -18
471   B     23 56 46.  3    41 25.  7      8.    2.                 81  -20 Possibly extended.
